14.333032846450806
13.654995679855347
13.028868675231934
14.209211111068726
13.980272054672241
13.4625563621521
13.516157150268555
13.37135648727417
14.62025260925293
14.002516269683838
13.428736448287964
13.506163835525513
14.036949634552002
14.34285044670105
13.900768995285034
13.57796311378479
13.36236047744751
13.771078109741211
13.70044469833374
12.820202589035034
13.564158916473389
13.303020477294922
13.322974681854248
13.706673622131348
13.43092942237854
13.359203815460205
13.587356328964233
13.279663801193237
13.479835271835327
13.513676881790161
13.125261545181274
13.534576892852783
14.35420274734497
14.817683696746826
13.374494314193726
13.450538635253906
14.08483624458313
14.564305782318115
