5.642603158950806
5.584847450256348
5.641190528869629
5.467000246047974
5.775206565856934
5.73999285697937
5.3355395793914795
5.504325866699219
5.550956726074219
5.650174617767334
5.728099822998047
5.516162872314453
5.511643409729004
5.693734407424927
5.61604118347168
5.417664527893066
5.575627088546753
5.533475875854492
5.632662296295166
5.270952224731445
5.809749126434326
5.5305562019348145
5.7259721755981445
5.6156768798828125
5.5022196769714355
5.630691289901733
5.739961385726929
5.4971489906311035
5.911993503570557
5.82362174987793
5.644690752029419
5.4461445808410645
5.414231061935425
5.399502277374268
5.621018886566162
5.497471570968628
5.596551895141602
5.2569591999053955
