5.500091314315796
5.185070753097534
4.954832077026367
5.269104242324829
4.951894044876099
5.022125005722046
5.0602476596832275
4.922108173370361
4.69663667678833
5.047109365463257
4.992132663726807
4.951988220214844
4.687089920043945
4.973852157592773
4.858085632324219
4.637802839279175
4.946596145629883
4.669851303100586
4.886518478393555
4.8579487800598145
4.817355394363403
4.719621181488037
4.974077224731445
4.675839185714722
4.989536762237549
4.970551252365112
5.166491270065308
5.010140419006348
5.007124185562134
4.950828552246094
5.288390159606934
4.956906318664551
5.047213315963745
5.084863185882568
4.985962867736816
5.088841676712036
4.929067373275757
4.888926982879639
